22988.70
23271.10
23303.40
23634.20
23774.20
23850.20
22957.70
21248.00
21301.60
22582.30
22449.80
22683.60
23150.00
23219.90
23412.00
22529.30
20785.60
21209.80
20825.20
20586.10
20250.00
19331.60
19963.20
20847.20
21587.40
21610.40
21637.10
20557.90
20180.40
20215.80
19310.60
19243.40
19275.40
19926.60
20111.30
20278.00
20727.90
21037.70
21489.90
21226.90
21100.90
19967.30
20720.20
20571.60
20576.90
18983.40
20446.40
20391.30
22577.90
22137.50
22449.10
26606.30
28404.00
29083.30
30097.40
30202.10
31127.20
31370.30
29911.20
29865.10
29700.90
30455.70
29798.60
31793.10
31730.20
29465.20
29027.10
28620.10
29194.00
29537.90
29648.70
29091.60
30287.30
29433.00
29188.70
30305.90
28700.40
30437.50
29856.70
31308.30
30078.60
29285.20
28994.30
29073.40
31008.00
30098.20
34041.00
35468.00
36003.00
36540.00
39686.00
37717.00
38515.00
38472.00
37642.00
38590.00
39748.00
39243.00
38113.00
40443.00
39464.00
39434.00
39709.00
40487.00
41370.00
41499.00
40809.00
39700.00
40382.00
40571.00
39936.00
41133.00
40072.00
39507.00
42144.00
42760.00
42275.00
43450.00
43166.00
45494.00
46614.00
46407.00
45813.00
46299.00
45529.00
47071.00
47449.00
47126.00
46859.00
44542.00
44331.00
44013.00
42911.00
42373.00
41022.00
41282.00
42241.00
41768.00
40914.60
41118.70
39282.50
39673.00
37789.50
38813.20
38730.20
39422.50
41933.90
38731.50
38020.60
38420.60
39396.30
39142.80
42463.00
43912.80
44420.30
43187.20
37707.20
39116.60
39221.60
38339.20
37250.20
38248.20
37018.30
38355.00
40089.60
40000.10
40532.50
43885.50
44540.90
42550.30
42061.10
42205.50
42388.40
43519.30
44388.90
44038.20
43833.90
42385.20
41411.90
41566.50
37287.80
36890.20
38711.20
38475.60
37923.80
38167.50
37736.50
37195.60
36800.10
36962.30
36691.30
36268.60
35072.90
36467.70
40698.10
41683.60
42365.30
42209.90
43080.50
43079.20
43073.60
42562.20
43900.00
42735.00
41829.10
41848.90
41681.20
41551.30
43097.90
43431.60
45833.10
46435.70
47293.90
47738.70
46217.50
47123.30
46470.70
47548.40
50703.40
50783.60
50404.00
50789.60
50807.40
48599.60
48898.70
46900.10
46703.40
46855.70
46171.80
47630.40
48876.60
48366.20
46709.80
50075.90
49332.50
47138.40
47591.70
50477.60
50596.60
50547.40
49412.10
49196.40
53620.70
56495.20
57207.80
56891.70
57795.20
57288.10
54758.00
53747.20
58937.30
57167.10
57559.40
56304.80
58719.70
59724.00
58080.80
56908.30
60368.20
60074.20
63605.10
65514.90
64397.20
64133.30
64782.60
64922.80
66942.60
67528.70
63276.40
61483.80
60973.20
61411.50
62915.40
63223.50
60912.20
61310.10
61842.20
62245.00
60579.90
58437.20
60312.50
63067.50
60864.30
61308.20
60693.20
62200.80
66004.60
64276.90
62030.20
61525.80
60865.50
61669.20
57348.20
57370.40
56014.50
57480.60
54686.90
54942.50
53924.10
53785.50
55325.20
51470.00
49229.50
48200.40
47665.40
48147.20
43824.40
41534.50
41023.10
42169.90
43200.90
42685.80
42818.70
44867.40
43550.70
40660.80
43012.30
47240.80
48299.90
47283.90
47748.20
48132.30
47070.80
44950.20
46060.80
45162.60
44844.90
46385.90
46057.60
46774.10
52674.20
51769.40
49918.70
49999.30
49269.50
48817.80
47129.20
46989.10
48777.10
48899.70
49062.80
46830.20
48994.40
47707.40
49532.50
49255.40
48870.40
49330.00
46756.70
44725.90
44691.10
45907.50
46991.60
47082.60
47809.60
44404.00
45562.30
45593.20
46281.80
43794.90
44584.90
42784.70
40868.40
39734.40
38188.40
39167.40
39869.80
41510.00
42201.40
40001.10
40009.00
39450.40
37294.30
35392.30
34392.50
33600.50
32297.90
32131.70
29794.70
30835.40
31782.90
31517.90
31384.40
31842.30
32820.50
32727.80
33106.10
34228.30
33510.80
33797.70
32866.30
33859.40
34228.70
33688.50
35297.00
34742.80
33814.20
33542.20
35030.70
35832.60
34477.30
34682.20
32247.10
31592.10
34660.50
33678.10
32498.30
31682.70
35597.90
35510.90
35770.00
38045.50
38337.80
40148.10
40522.50
39024.10
35467.50
37334.40
36654.30
37375.20
33385.50
33574.60
35815.40
35518.70
36841.20
39191.40
37555.70
36687.70
37294.30
35644.00
34589.30
35664.50
38543.20
39249.00
38375.70
38753.60
34720.30
37446.80
37291.00
40611.20
36706.80
42898.30
43538.50
46424.20
46729.30
49839.10
49704.90
49398.20
56694.50
55846.10
58251.20
58840.60
57330.30
56411.40
57441.00
53872.50
57170.60
56605.80
57807.20
57719.10
53562.30
54838.60
55036.00
54011.10
48963.50
50088.20
51140.80
51707.10
53821.30
56479.50
55645.10
56208.10
60043.20
61358.30
63211.60
62978.60
63544.20
59863.60
59982.10
59772.40
58127.40
58076.80
55948.00
57996.30
59169.00
58202.30
57059.70
58976.80
58718.20
58763.20
58771.40
57614.60
55764.70
55856.90
55033.80
51317.40
52330.00
54309.10
54117.50
57379.30
58097.40
58084.10
57645.00
58911.80
56892.90
55619.50
59117.40
61192.70
57267.40
57806.20
55851.20
54882.70
52352.40
50988.90
48899.00
48798.70
48363.60
50388.00
48422.20
49595.60
45160.50
46136.00
46333.10
46928.50
49695.90
48911.10
54114.10
57437.60
55907.60
55922.00
51590.10
52094.50
49161.30
47934.20
48611.10
47172.10
47373.10
47995.00
44834.80
46507.80
46396.40
38853.60
39228.90
38300.60
36976.40
37648.90
35486.90
33514.00
33106.80
34281.60
34300.00
33381.70
30408.90
32499.60
32244.10
32244.30
32088.50
32994.10
30838.70
35472.30
35862.10
36630.60
35838.20
36020.10
36751.80
39175.70
37383.40
34061.20
35426.00
38195.30
40149.70
40607.20
39466.40
36798.50
33999.30
32015.40
33016.60
32192.90
29359.70
28951.70
28866.80
27374.50
27065.30
26259.20
26460.30
24714.70
23728.70
23253.20
23820.80
22730.40
23474.10
23843.60
23127.60
22823.30
21352.30
19434.70
19273.90
19176.40
18808.10
18026.70
18250.50
18546.10
18322.40
19170.80
19368.40
19146.00
18657.50
19431.10
19219.80
18767.90
19697.80
18186.00
17729.70
17142.60
17160.90
18721.90
19151.50
18394.60
18428.10
18689.30
18673.80
17805.50
17775.10
17662.30
16715.80
15954.10
16074.70
16323.10
16293.00
15695.80
15303.10
15328.00
15483.30
14826.60
15578.20
15593.90
14145.60
14023.00
13560.50
13759.70
13795.50
13560.20
13457.00
13278.30
13658.30
13061.50
13033.00
13117.00
12933.60
12972.70
12805.50
11913.60
11753.90
11507.10
11362.10
11321.80
11503.20
11421.40
11424.40
11533.50
11370.80
11295.60
11053.50
10923.50
10670.70
10601.00
10790.20
10672.50
10544.40
10572.20
10619.60
10776.60
10843.40
10694.30
10776.40
10727.90
10688.90
10739.90
10238.10
10531.50
10419.40
10919.90
11081.60
10933.00
10941.30
10950.10
10785.20
10675.20
10332.70
10441.70
10390.20
10339.80
10224.30
10126.80
10376.90
10296.40
10092.20
10472.30
10168.70
11413.20
11914.40
11644.20
11701.10
11468.10
11527.80
11327.50
11462.30
11324.90
11752.90
11641.60
11661.10
11529.20
11856.90
11751.00
11944.40
12283.00
11898.80
11845.50
11751.10
11771.10
11557.20
11390.40
11889.20
11681.10
11764.40
11591.60
11757.10
11735.00
11184.80
11223.80
11066.90
11802.60
11333.20
11096.50
11105.80
10908.40
10961.10
9932.70
9690.00
9546.70
9599.20
9513.60
9387.40
9162.30
9208.10
9170.10
9155.80
9135.40
9198.70
9253.60
9243.10
9300.50
9234.20
9285.80
9239.00
9430.10
9256.30
9338.80
9080.40
9134.30
9067.10
9085.00
9229.90
9135.90
9186.00
9122.80
9008.40
9160.50
9247.50
9300.80
9624.60
9683.90
9296.50
9358.80
9314.00
9390.30
9464.60
9523.60
9425.60
9345.50
9470.70
9466.50
9283.70
9878.90
9768.80
9777.70
9743.40
9669.60
9630.80
9794.00
9667.20
9527.00
10190.70
9454.50
9692.90
9424.80
9573.40
9199.80
8842.30
8897.70
8728.00
9177.90
9169.80
9058.20
9511.60
9773.00
9730.80
9678.40
9376.60
9318.10
9778.60
9298.70
8813.90
8569.80
8737.60
9553.90
9806.00
9980.10
9152.70
9000.60
8874.20
8885.50
8966.20
8821.60
8628.60
8770.60
7746.70
7766.00
7679.40
7540.40
7503.90
7491.30
7112.80
6842.50
6833.40
7122.90
7230.90
7035.90
7085.50
6629.10
6851.30
6841.80
6918.10
6867.90
6862.70
7289.00
7361.10
7185.60
7332.30
6772.80
6857.50
6735.90
6799.90
6638.80
6412.40
6391.10
5890.40
6233.20
6373.40
6725.50
6677.90
6744.80
6468.80
5822.00
6186.90
6205.60
6171.60
5359.20
5260.70
5030.20
5366.40
5182.90
5589.40
4815.20
7935.20
7892.10
7933.00
8035.80
8887.80
9134.20
9060.60
8757.90
8761.30
8906.10
8537.50
8543.80
8697.10
8820.10
8800.10
9317.10
9662.60
9943.20
9655.60
9684.50
9602.20
9611.90
10158.60
9701.50
9931.70
9907.40
10336.00
10235.50
10321.90
10229.30
9854.00
10151.50
9895.40
9817.30
9771.90
9611.80
9194.10
9296.50
9334.60
9381.50
9349.30
9508.30
9299.10
9377.30
8866.60
8608.10
8341.60
8439.90
8404.90
8678.50
8733.00
8642.00
8705.70
8916.30
8913.00
8726.70
8818.10
8827.90
8111.20
8188.30
8023.30
8187.80
7842.50
8060.00
8154.20
7759.10
7372.60
7376.80
7345.10
6967.10
7199.70
7196.40
7261.50
7397.50
7321.60
7261.90
7210.80
7225.00
7268.30
7322.40
7496.20
7156.30
7196.40
7165.50
7276.40
6613.50
6903.50
7128.50
7080.80
7255.20
7208.40
7208.00
7235.80
7356.20
7524.80
7510.80
7530.40
7399.20
7204.60
7291.90
7298.10
7395.90
7546.50
7742.70
7426.60
7510.60
7162.80
7115.50
6924.70
7325.00
7271.60
7627.90
8099.40
8145.70
8207.70
8510.30
8497.40
8476.20
8660.80
8782.90
8813.20
8737.40
9036.90
8804.70
8778.10
9223.60
9339.20
9311.20
9396.10
9198.70
9300.50
9230.30
9153.10
9157.90
9411.30
9206.50
9530.10
9230.60
8658.40
7422.80
7476.80
8031.00
8207.40
8224.10
7957.40
7948.30
8073.30
8000.40
8167.10
8353.40
8281.30
8304.30
8267.60
8562.20
8566.80
8180.10
8198.50
7882.60
8127.30
8148.00
8227.60
8363.60
8302.70
8285.00
8048.90
8208.00
8184.50
8063.80
8432.50
8512.30
9702.70
10031.30
9993.00
10172.80
10251.50
10164.60
10195.70
10254.60
10311.30
10337.30
10342.20
10415.20
10162.40
10104.90
10308.70
10402.10
10461.60
10306.90
10566.70
10567.80
10611.60
10348.10
9728.80
9594.70
9585.50
9494.10
9729.10
10184.70
10372.20
10136.00
10132.10
10389.40
10104.90
10141.10
10753.30
10911.20
10312.80
10219.30
10335.50
10300.90
10053.30
10894.20
11395.00
11505.10
11314.60
12090.50
12190.00
12015.90
11481.00
11817.60
10934.80
10816.10
10519.90
10380.50
10081.90
9580.30
9580.00
9728.50
9491.10
9830.40
9945.20
9804.70
9887.20
10412.80
10715.10
10827.00
10571.90
10651.60
9723.10
9425.10
10844.00
10199.90
11364.30
11762.80
11343.70
12111.60
12542.80
12250.60
11415.80
11267.90
10969.80
11159.70
11899.30
10835.90
